(40471253792128767216973789863417268769114052285769817058230175523642402712934, 8132869237928392198992244524307118315034067759745018056651112063062943225857)
(81935242195505034184102436534186021619644071230539586234397671346956150053313, 63975686440505191121996523250840698724320668736010593082095898690488365435096)
(76253523503013865414903873054469264598101181435486736295077240430219800536893, 1027809367457996905462625165606144653808308827408811809083297740284358915398)
(28442356597650861100900229555542771623011531468653622201873035058165265549770, 9508839684786455791497158439563376359897458567665404086713130444816117016360)
(39184651769525568926690064313200787365135555775300252125586914753061099494959, 34651750251536018852879624452277096958101441921900515748872913323152856010079)
(98541510701248858084210120363020535065047471223296501240156598741382720612319, 19563598535249883351028842749846083399481317487878284803671392757328336931137)
(59842036348988289102456807051478222259914640740988770978475833686309597156977, 101168724868115007876607933594547719283670184863331831069749590146252829595839)
(1781373661344059953522715370873464998905641390729416753337948251271888852955, 30526776607894632204939169473330030597145035081187115590884065748921792781677)
(96457866230349663151204573158616298170289661704438163468682586825056593831008, 37110272924274898602395293761115192327220829882394473781153606839165211470624)
(65296023217826798465196908441353621559450056891440545190135270770913232705300, 39585658750445224554922648812250828218095581467680947662832532710275495016560)
(56108668632017227518908231788801934299428639716319468199618080306702048131530, 104811551234225475901323938441211358333934103152241814824603049584903638596422)
(15325698770121827006383025226157396565439701919655980580259073835267567022352, 96039361909638512832752560945732145669606330491972768186636461480793808704964)
(27161273622843504146218779755679222814324914411071410178507150512790002730705, 21088823921345294796872751091092532834140235686363366029542534198557183734978)
(75521829969805174477107766723885724496231488818609461253476690546108625076991, 104090015997074371601054664874447790028113255538695683814213491977366399857214)
(14022104243952540553208244252108237180254394743856524110297523242416170205319, 84528719939892822881180335045926881229384561902364954229500600006950618975834)
(90447594272465506442914225913120938396521861283909247598365822056215143440382, 23573126278292810168394809047521331873873925412499303621518954274433297942732)
(87269455291290709435067552066335711725175297142188253990847670640871724448219, 55343474687408817429807554395389633838802070532171621046099890278984892772673)
(66910223739734954117533440395880865882291063617673187806662969267260095753112, 65280332648832587299596471261972671697256166319818224477457848920271090235811)
(67897713599633240455697589321862512038468470426052416245239484058942776389440, 35512420574590128815832741705036313310605749014418500752574260410563033080254)
(36872583595051892563481190099207582738995974231291391474562070155991914470089, 85177799154495496725562802910295737766086941992745223428650629797498722603991)
(13595215802583748913093321371806714824898752337944141985701303688038624996450, 14842867724445748699463844250767975235759620130852611725240004173449795419676)
(85638457705147454516630634895039360629711142047220956107458561475685923776349, 7003517941416413211692679094950027350460395251623731180891737903218680773107)
(58565935330112477106857301888657296672187215636392219681733139808994359690245, 14066869095257716023969490261778102258868466768094121375689343694266409669708)
(16512051141033246370726488720577398697871997969044046320890805036098717832478, 42993129614784390137840711982071200196610025661094069952099899440273469390512)
(111591041469296408674536028659677192620534397218972161676025041967332356916678, 108451095196363993487747541283948634822667798917532786202835277920228453435609)
(108489722016564589625913442860912845718112557421748877289799271121731570596004, 72048587999938302790144140540152342501183801122297808744909898581391427753306)
(32308115735698896889439696645691272229355474664411344266256645799156715401422, 108895138025254315098550660197025512244888666344001051654657097749661150032639)
(110865917706911673807407859454456265742868958850931617765919088966569561325277, 47030323762386802872646591375792966196155615538126109218088578888362790183422)
(14770873386641581875133499297496462666830593468618068448006522500539856688700, 46627841321289797144634643302774993456984547795163501578723015658219811461854)
(19475623149387212571192935866393017814551447148281102179609486022069962512630, 70654675709054318470547164270207947987574223645032473760146399363735409571650)
(59158503265205986110300985926626105488672753296754332195842008815243720555343, 28878712769645475130674748863356848774270066053766364804980259896292519217998)
(25691294114108843611603932530810170770642067908621141767851555318098619269022, 79033093086062664899562355053117219054023878183664271185329375151373666876750)
(26158774776762490141436391742536796373225529502808777747160427596663500775818, 24676939403667894207556986145443232317419579196728835596664988290503276004625)
(115542933679905436875931250704589032097659192966258188727221439775702014117688, 5034718761575187199369324282780849622721584406029462952456440063728927936512)
(65951950577277910579257759372011370528670441395331546325250063674256170011502, 102995681351487299877799751714811244032451713825004437832209886663603067795719)
(96588751791016995586864617508139385765904496900325549656322712688477810748039, 15282233002478002746686156137787187789119088358123204884748569703896809474802)
(79436269408478779322545306836481551237271543290901780147394777677465039355288, 24797352704973939823555510228878353482065572254657364945444214578958416501817)
(97191086405673753659353028028727016188436404830473812847699846895194824920912, 98370757946099100491719289308905735219322308037384216294429572874597584556545)
(70620462030446757054230875779339255024972678810192150158794708025999441613946, 9671368200825952121516886081197756357398434929358238664593479320973500527901)
(81452112705802797571465264853775528079149818717607173161693499096941395842053, 84846848048458699866603768793741463289050354419292047244331025085036977985873)
(108354590933116244815178213502907650930516467049416254384087847767896153881476, 95176693834956232591123192136280750428895221919482967610801703547024604021189)
(27520161934639234864995057497330146042552107526208938753514049635056312643166, 15326093938907951301552657412172011290854373026514624166307510919114637821369)
(30684696121379598545333828408803629595541690014702647241755206454282998885414, 9175670969830764927086189353863138550357381836227957557166174590205169676254)
(66249083528619138537711175473533278877991772301942006194044669861499029242510, 111086558677333582272742534785840871967157898803585431925148495127957548587954)
(45524038814666090723596961365887056344285029389180269905144443073059531107520, 44718662355928620832750011528686474329597798815587916912429915063269092755878)
(34183485736038706844278464015796231376718104377985769712743767296380462281187, 51852220182314618003604851374246822269650985220927795341994246146045403713889)
(8257531409815043351932668062235316732164927621509913560025323896349756950256, 100923306035496521212503397893883180077018669371576269449694791182213014415046)
(113317896507623017332179043929622867747486230437603828482165898340456968532001, 50323440739784615564925397597566409184180318381629663745991502724281815976435)
(53189886748449698058332374270376861558949879531793670097480190924448438740633, 50285297874273820597068419986921702605122890237909165834668711389921638810494)
(33231070469585644704083208971090612756055728068957768742827960931035041363611, 103965522277359205593910115768497953405051365687171446001996194442681892253297)
(4469600937247442419986816889559721072575588885871928981398375203410404623250, 107113441858903999713777855583666403408390091453756382038057144800262335502301)
(88312844820183107489958154513834681826658802630690308272918178427405657020851, 115299049744869192300525203054384964335673059357639576081868590808369827332595)
(37270413309080326281965280517292319150112139630780554789345234204995582277949, 82355216257689691386795405478612408891091086175730298716005033779996903463471)
(21288500343376834141108521987729461972662478449879493470382950894450234448990, 14698947007090577658983305122021878049622131372236313081127124160792799681894)
(90253557527866250891759726697245142374316888808585476618712335257368038380883, 100001628522209544199785980617407792117773528023449592244850094094185072474722)
(80657915865104873726825105168245679938056305684933120464211617211853484833072, 59720698135283227546281977579991865033877657039286474309021636704688453265545)
(10789023989340665443445033814063425517115879998444327670696247973734103815899, 15517555967287747916110202467671952873139228935919878362240195776469875422205)
(4792820604168278804075581270874725592538908854394618119198540726290035556949, 16416165595642211513719660610963484309381862694323125043945189078028546999988)
(88305462970282811206431999524411922738390844277512937034183357185832543676155, 87833739617824029316522915770402881876536934220134245725169684338572396966381)
(92536548762342113799867262439280344228857276834480320072494733555388261664786, 99853773691220490879041120346796028119210290507082267498661618142593701445151)
(64917940073358400386970394869140395481639682979890441572124594758042329963741, 65239894472485823625247450221836744760270330008558908296244102892827879858273)
(30507577217733703157654361992010373854074534506820986939082741742361434040194, 30968862590457623000455194917017404140882287910247747845274145239067115294410)
(100490615358034966861525693542832664975149465488320737264774587375433991522883, 70643820795018534147789954889761695020294041610530745733979930201766343808579)
(111934438185385971657928294041645252410682792853459015696775150183769926466340, 78009500283659953036665626941136084129491401211360409608223107197852556118118)
(48795700960361617547886475584462684389960807346883389346406759324067084026670, 89914780773037995729869207512816102036178811920024186500306824968064854910082)
(24891878960943778368619728116876445791680385666058029529646379866870908245149, 101201319896131141310738752015202374963066113974816792174203461229947014738156)
(54644584930543964748958161673141629649799747349580677057528601711614592375623, 95681814707846393422548718551989726137416340065413841556155350779528703352807)
(46161776332113675187157611393515542468383459652079350012035642210626295244133, 43416882285765368810592850373520875308507494131190852916909058328031602539947)
(8620569940106018777104190384584112457848028501118605836254315368319741483354, 55996153274726237093180844202997655676657827864144215749350808877704766269672)
(28913583786804283271182033287778625555088919914798113128450626062687226558005, 2679412126443060527010054405108104810782155559979216937946974164882275145258)
(60216545776595955874099617613416013234619345019277910053709362726484922763529, 8646228231195168450337236995131231763534357026149423261304137043417812232620)
(66865468649893099385267402448360952001060761864206367766466987340907813287556, 58501377978342259207708007586910564024175142208622362794518073909594813772003)
(27972487699847315141839673891131807523980293450471539264730544255474497718650, 64860986133345368029355794865807857290900853238101240548474691460064886143247)
(62857349391594865204145112735598393577265525833632889940989130641875317787424, 38017593898239639882139266320390952011444537151184617051622421991709008146495)
(20580009874115777571430821647127557785396417932155810912750828384971430015827, 95339416128568919339056673344301785469880661300281061236185377764775559860643)
(88395646553077368581455163215140707978699070562638974149850229864356522186031, 48125832691821815473822155671206224617584768754132691471627135785211937176109)
(42616735925968921252952787304471732012503196838582317881125647485253569659727, 96461171236210796574533537203664203809968878605683989150874670089931803304206)
(38127182266473083043907749820917944505971780219274361784159500195478255673224, 96969016065027166405721147078228853645664498567135831303543071890274075709755)
(7064060803277415465865554203560244593982525971854435805128990879742342409564, 82417342073864229392149008468645990935246662816004282015263264279567014624423)
(101527508087276906877739467236773603227664707822994059545166616094611670567132, 38019537442159192465084836157721598359005050504522110506923445021598777780674)
(90706937475641703021785887071060967227965282710913088596122169822047124163746, 107523188877112329552228601694715511864509838291250371898751659728804110093266)
(13513172515002857369152808500702648843065901541022403399452747545586814373654, 11004035758656752939393151127291713848585809238058755974091106198974679374667)
(59217397639861888883291831794650663925915015088892887935473127187826787946437, 23610707388300724108876811567657859471374591763117812388199062331943882434525)
(90277133164379640376330283581076121785678082646992526851524906688789973653143, 75250877550427644536175082286132381756258355503261824235911159439606499178005)
(77254609266780263313268999930616612122288931175765529190614602028384231548605, 17154012410714017501085281102931754960298556057284310128364425060205908725635)
(63032334083026790084799929241135290006746434232796213932835819440010181005891, 79985468404471318927910437561515448177778822926073588329355248437813680220431)
(47251052643241167307235124026144473324364786045479564754290098180096938890850, 39241291182579550970625065633091776962036786072435174797345839188289767284355)
(95731570142240834937603399572211887451020836864191703917577165730368075034370, 99217829471140967331738151743187185442602208846981325656617381629274289770141)
(54145055131204961228006910448648540373351748493684742970510364515032663224204, 100357754313949556567214934353577036654302320996462913901426793154873415483631)
(107796445385347007177297874280154242325209647341021806162582606908655920378206, 39501092522227082871702075126369765259373539680196159575720637418752627545392)
(43941203082833269568966514242295043820407816354230073104549250740845029438322, 37277302648188456089573230877016835957957831106695996012354860289163605011997)
(5854547978842766809644402668049837975804783791954957722252575706724402261065, 5890531750615694588480174796759671820636958178567670287218844794338954229261)
(8640599044213071773037634022989890407395424295052940761268819204101665300967, 35240461173477943079469727169664363186364299630106528755797475401034913162198)
(43937392109711035213855589535510019867193745992555460595303017516613308151284, 37928021534016813952392842068120044932363799257382178742957207614120076496107)
(5619989351111897777596567746048434970930891577158371640081218105873619282688, 28213302053121619807790404496582550559381868992798639430480365805106298994031)
(41202931586525958259638969802352926426841303990556522134743157005558907569323, 23706934337432893185263176008912033062917045602324593770678529695345696274381)
(2375178221243552382411678515078318620768342961136994188657766616979535577656, 47603545402219867002290203123426863736541779697653663857013259846181339969877)
(106464969898994647843902279295358471667303465095701973179540532175715404248355, 2013724167480142848058927984355629812208645098670993608652153873557846075611)
(107972075772408829962917761135587395078338890149310285610115908528111944711126, 87611958221660792492825954974306832062652329722361786781130053840041174723468)
(92213327619498971771302168935372426067798971519428064951202757199766415272351, 24510682524597646137837771124653793597774044854345220088349480149245820253114)
